chr10:70276562-70276562_A_G	SBS	0	2	1	1	0	0	0	-101	0.366337	23.567	0	112	1	0.00892857	46	0	0	1	0	0.33725	34	0	0.45	0	60	60	60	0	0	1	0	0	47	0.708861	1	1	18.0218	0	112	1	0.00892857	46	0	0	1	0	0.33725	26	0	0.45	0	42	41.9631	42	0	0	1	0.0369	0	47	0.708861	1	1	0
chr10:118368522-118368522_C_A	SBS	0	0	1	1	0	53	0	-15	0.415842	24.2602	0	186	1	0.00537634	85	0	0	1	0	0.33725	35	0	0.29	0	60	60	60	0	0	1	0	0	86	0.686347	1	1	24.2602	0	186	1	0.00537634	85	0	0	1	0	0.33725	35	0	0.29	0	42	41.9621	42	0	0	1	0.0379	0	86	0.686347	1	1	0
chr10:90695046-90695046_C_A	SBS	0	0	1	2	0	0	0	-101	0.554455	24.2602	0	131	1	0.00763359	62	0	0	1	0	0.33725	35	0	0.21	0	60	60	60	0	0	1	0	0	63	0.678756	1	1	24.2602	0	131	1	0.00763359	62	0	0	1	0	0.33725	35	0	0.21	0	41.7431	41.974	42	0	0	1	0.2309	-0.2569	63	0.678756	1	1	0
chr11:113283320-113283320_G_T	SBS	0	0	1	2	0	0	0	-101	0.564356	25.6464	0	351	1	0.002849	161	0	0	1	0	0.33725	37	0	0.45	0	59.9291	59.7968	60	0	0	1	0.1323	-0.0709	162	0.685547	1	1	25.6464	0	351	1	0.002849	160	0	0	1	0	0.33725	37	0	0.45	0	41.9615	41.7354	42	0	0	1	0.2261	-0.0385	161	0.686888	1	1	0
chr10:11504553-11504553_G_A	SBS	0	2	1	1	0	0	0	-101	0.534653	22.1807	0	276	1	0.00362319	157	0	0	1	0	0.33725	32	0	0.44	0	60	60	60	0	0	2	0	0	158	0.637413	1	1	22.1807	0	276	1	0.00362319	156	0	0	1	0	0.33725	32	0	0.44	0	41.9796	41.8109	42	0	0	2	0.1687	-0.0204	157	0.638889	1	1	0
chr11:123994157-123994157_T_C	SBS	0	3	1	1	0	0	0	-101	0.386139	23.567	0	226	1	0.00442478	115	0	0	1	0	0.33725	34	0	0.01	0	60	59.604	60	0	0	1	0.396	0	116	0.662757	1	1	23.567	0	226	1	0.00442478	114	0	0	1	0	0.33725	34	0	0.01	0	41.912	41.8927	42	0	0	1	0.0193	-0.088	115	0.664706	1	1	0
chr10:129904347-129904347_T_C	SBS	0	0	2	1	0	0	0	-101	0.49505	23.9136	0	552	1	0.00181159	293	0	0	0	0.16275	0.83725	34.5	0	0.26	0.127279	59.9604	59.9352	60	0	0	1	0.0252	-0.0396	294	0.653254	1	1	23.9136	40.6646	547	1	0.00182815	294	3	0.0102041	0	0.16275	0.83725	34.5	29.3333	0.26	0.127279	35.7598	35.6596	42	3.10913	0	1	0.1002	-6.2402	295	0.985263	0.125543	0.125543	0
chr11:120200704-120200704_T_C	SBS	0	0	2	1	2	0	0	-101	0.465347	22.1807	0	183	1	0.00546448	94	0	0	1	0	0.33725	32	0	0.42	0	60	60	60	0	0	1	0	0	95	0.66065	1	1	22.1807	0	182	1	0.00549451	94	0	0	1	0	0.33725	32	0	0.42	0	42	41.9819	42	0	0	1	0.0181	0	95	0.65942	1	1	0
chr10:111643889-111643889_C_A	SBS	0	2	1	1	0	0	0	-101	0.415842	28.419	24.9533	143	1	0.00699301	73	1	0.0136986	1	0	0.33725	41	36	0.45	0	60	60	60	60	0	1	0	0	74	0.886822	0.562748	1	28.419	24.9533	142	1	0.00704225	73	1	0.0136986	1	0	0.33725	41	36	0.45	0	41.9888	42	42	42	0	1	0.0112	-0.0112	74	0.885764	0.564834	1	0
chr10:105147046-105147046_C_T	SBS	0	0	1	1	0	0	0	-101	0.465347	25.6464	0	180	1	0.00555556	95	0	0	1	0	0.33725	37	0	0.06	0	60	60	60	0	0	1	0	0	96	0.654545	1	1	25.6464	0	180	1	0.00555556	95	0	0	1	0	0.33725	37	0	0.06	0	41.9354	41.968	42	0	0	1	0.0326	-0.0646	96	0.654545	1	1	0
chr10:88459005-88459005_T_A	SBS	0	0	9	1	0	107	20	21	0.485149	27.0327	0	180	1	0.00555556	98	0	0	1	0	0.33725	39	0	0.19	0	59.8518	58.1314	60	0	0	2	1.7204	-0.1482	99	0.647482	1	1	27.0327	0	167	1	0.00598802	94	0	0	1	0	0.33725	39	0	0.19	0	41.71	41.4322	42	0	0	2	0.2778	-0.29	95	0.639847	1	1	0
chr10:87406966-87406966_A_T	SBS	0	0	1	1	1	0	0	-101	0.60396	26.3396	0	90	1	0.0111111	61	0	0	1	0	0.33725	38	0	0.4	0	60	60	60	0	0	1	0	0	62	0.596026	1	1	26.3396	0	90	1	0.0111111	61	0	0	1	0	0.33725	38	0	0.4	0	41.9814	42	42	0	0	1	0.0186	-0.0186	62	0.596026	1	1	0
chr11:118983073-118983073_A_C	SBS	0	3	1	1	0	0	0	-101	0.643564	23.567	0	48	1	0.0208333	20	0	0	1	0	0.33725	34	0	0.47	0	60	60	60	0	0	1	0	0	21	0.705882	1	1	23.567	0	48	1	0.0208333	20	0	0	1	0	0.33725	34	0	0.47	0	42	42	42	0	0	1	0	0	21	0.705882	1	1	0
chr10:131334500-131334500_T_	DEL	1	0	1	1	3	0	0	-101	0.346535	27.7259	0	137	1	0.00729927	85	0	0	1	0	0.33725	40	0	0.2	0	60	60	60	0	0	1	0	0	86	0.617117	1	1	27.7259	0	136	1	0.00735294	85	0	0	1	0	0.33725	40	0	0.2	0	42	41.8524	42	0	0	1	0.1476	0	86	0.615385	1	1	0
chr11:10500235-10500235_T_C	SBS	0	0	1	1	0	0	0	-101	0.633663	24.2602	24.2602	166	1	0.0060241	85	1	0.0117647	1	0	0.33725	35	35	0.33	0	60	60	60	60	0	1	0	0	86	0.886215	0.563506	1	24.2602	24.2602	166	1	0.0060241	85	1	0.0117647	1	0	0.33725	35	35	0.33	0	41.9182	41.8554	42	42	0	1	0.0628	-0.0818	86	0.886215	0.563506	1	0
chr10:128148294-128148294_A_G	SBS	0	0	1	3	1	0	0	-101	0.524752	28.419	0	293	1	0.00341297	139	0	0	1	0	0.33725	41	0	0.41	0	60	60	60	0	0	1	0	0	140	0.678241	1	1	28.419	0	293	1	0.00341297	139	0	0	1	0	0.33725	41	0	0.41	0	41.9891	41.7355	42	0	0	1	0.2536	-0.0109	140	0.678241	1	1	0
chr11:124644792-124644792_C_	DEL	1	2	1	1	2	0	0	-101	0.49505	1.38629	0	355	1	0.0028169	227	0	0	1	0	0.33725	2	0	0.49	0	60	59.9475	60	0	0	6	0.0525	0	228	0.609966	1	1	1.38629	0	353	1	0.00283286	228	0	0	1	0	0.33725	2	0	0.49	0	40.9108	40.409	24	0	0	6	0.5018	16.9108	229	0.607573	1	1	0
chr11:118390406-118390406_C_T	SBS	0	2	1	1	0	0	0	-101	0.49505	22.5273	0	252	1	0.00396825	156	0	0	1	0	0.33725	32.5	0	0.04	0	60	59.8582	60	0	0	1.5	0.1418	0	157	0.617647	1	1	22.5273	0	252	1	0.00396825	156	0	0	1	0	0.33725	32.5	0	0.04	0	41.9001	42	42	0	0	1.5	0.0999	-0.0999	157	0.617647	1	1	0
chr10:121275090-121275090_C_T	SBS	0	4	2	1	0	0	0	-101	0.544554	25.6464	0	255	1	0.00392157	125	0	0	1	0	0.33725	37	0	0.23	0	60	60	60	0	0	1	0	0	126	0.671053	1	1	25.6464	0	255	1	0.00392157	125	0	0	1	0	0.33725	37	0	0.23	0	42	41.8849	42	0	0	1	0.1151	0	126	0.671053	1	1	0
chr10:76995122-76995122_C_A	SBS	0	2	1	1	1	0	0	-101	0.633663	27.7259	0	131	1	0.00763359	64	0	0	1	0	0.33725	40	0	0.47	0	60	60	60	0	0	1	0	0	65	0.671795	1	1	27.7259	0	131	1	0.00763359	64	0	0	1	0	0.33725	40	0	0.47	0	42	41.8058	42	0	0	1	0.1942	0	65	0.671795	1	1	0
chr10:75393864-75393864_T_	DEL	1	0	1	1	3	0	0	-101	0.455446	27.0327	0	108	1	0.00925926	56	0	0	1	0	0.33725	39	0	0.28	0	60	60	60	0	0	2	0	0	57	0.658537	1	1	27.0327	0	108	1	0.00925926	56	0	0	1	0	0.33725	39	0	0.28	0	41.8894	42	42	0	0	2	0.1106	-0.1106	57	0.658537	1	1	0
chr11:124518010-124518010_T_C	SBS	0	0	1	1	1	0	0	-77	0.475248	20.7944	0	215	1	0.00465116	125	0	0	1	0	0.33725	30	0	0.44	0	60	60	60	0	0	1	0	0	126	0.632353	1	1	20.7944	0	214	1	0.0046729	125	0	0	1	0	0.33725	30	0	0.44	0	41.9925	42	42	0	0	1	0.0075	-0.0075	126	0.631268	1	1	0
chr10:48388808-48388808_G_T	SBS	0	2	1	1	0	0	0	-101	0.623762	26.3396	0	322	1	0.00310559	163	0	0	1	0	0.33725	38	0	0.12	0	60	60	60	0	0	1	0	0	164	0.663918	1	1	26.3396	0	320	1	0.003125	163	0	0	1	0	0.33725	38	0	0.12	0	41.9	41.9792	42	0	0	1	0.0792	-0.1	164	0.662526	1	1	0
chr10:46122263-46122263_T_A	SBS	0	3	1	1	0	0	0	-101	0.465347	27.7259	0	244	1	0.00409836	143	0	0	1	0	0.33725	40	0	0.35	0	60	60	60	0	0	1	0	0	144	0.630491	1	1	27.7259	0	244	1	0.00409836	142	0	0	1	0	0.33725	40	0	0.35	0	41.9377	42	42	0	0	1	0.0623	-0.0623	143	0.632124	1	1	0
chr10:8056676-8056676_G_T	SBS	0	2	1	1	0	0	0	-101	0.544554	27.0327	0	354	1	0.00282486	181	0	0	1	0	0.33725	39	0	0.27	0	60	60	60	0	0	3	0	0	182	0.661682	1	1	27.0327	0	354	1	0.00282486	181	0	0	1	0	0.33725	39	0	0.27	0	41.9958	41.7895	40	0	0	3	0.2063	1.9958	182	0.661682	1	1	0
chr10:64952900-64952900_A_T	SBS	0	0	1	1	2	0	0	-101	0.316832	27.7259	0	112	1	0.00892857	35	0	0	1	0	0.33725	40	0	0.27	0	60	60	60	0	0	1	0	0	36	0.761905	1	1	27.7259	0	111	1	0.00900901	35	0	0	1	0	0.33725	40	0	0.27	0	42	42	42	0	0	1	0	0	36	0.760274	1	1	0
chr10:102510535-102510535_T_C	SBS	0	2	1	1	0	0	0	-101	0.534653	28.419	0	285	1	0.00350877	152	0	0	1	0	0.33725	41	0	0.17	0	60	60	60	0	0	1	0	0	153	0.652174	1	1	28.419	0	285	1	0.00350877	152	0	0	1	0	0.33725	41	0	0.17	0	41.8653	41.968	42	0	0	1	0.1027	-0.1347	153	0.652174	1	1	0
chr10:121563855-121563855_T_C	SBS	0	5	1	1	0	0	0	-101	0.425743	28.419	0	128	1	0.0078125	54	0	0	1	0	0.33725	41	0	0.34	0	60	60	60	0	0	1	0	0	55	0.703297	1	1	28.419	0	128	1	0.0078125	54	0	0	1	0	0.33725	41	0	0.34	0	41.9872	42	42	0	0	1	0.0128	-0.0128	55	0.703297	1	1	0
chr10:91144348-91144348_T_A	SBS	0	0	2	1	4	0	0	-101	0.405941	22.8739	21.4876	174	1	0.00574713	75	1	0.0133333	1	0	0.33725	33	31	0.01	0	60	60	60	60	0	1	0	0	76	0.910124	0.512534	0.512534	22.8739	21.4876	174	1	0.00574713	75	1	0.0133333	1	0	0.33725	33	31	0.01	0	41.9286	42	42	42	0	1	0.0714	-0.0714	76	0.910124	0.512534	0.512534	0
chr10:72015562-72015562_A_G	SBS	0	3	1	1	3	0	0	-101	0.663366	28.419	0	244	1	0.00409836	131	0	0	1	0	0.33725	41	0	0.23	0	60	59.8902	60	0	0	6	0.1098	0	132	0.650667	1	1	28.419	0	243	1	0.00411523	131	0	0	1	0	0.33725	41	0	0.23	0	41.7921	41.8599	8	0	0	6	0.0678	33.7921	132	0.649733	1	1	0
chr22:50354616-50354616_C_	DEL	1	2	1	1	1	0	0	-69	0.762376	88.6796	0	36	16	0.444444	25	0	0	0	0.415687	0.584313	31.3	0	0.296	0.133667	60	60	60	0	0	1.05	0	0	41	3.60344e-05	1	5.04715e-05	88.6796	0	35	16	0.457143	25	0	0	0	0.415687	0.584313	31.3	0	0.296	0.133667	42	42	42	0	0	1.05	0	0	41	2.7137e-05	1	4.56427e-05	1
chr13:76370862-76370862_C_G	SBS	0	0	2	1	0	0	0	-74	0.39604	120.052	0	221	27	0.122172	130	0	0	0.787296	0.359339	0.489146	36.0278	0	0.273939	0.127301	60	60	60	0	0	1.02778	0	0	157	2.00374e-06	1	3.17445e-06	119.959	0	222	27	0.121622	130	0	0	0.611312	0.376273	0.50608	36	0	0.266471	0.132707	42	41.9759	42	0	0	1.02703	0.0241	0	157	2.10621e-06	1	3.21144e-06	1
chr1:154318304-154318304_T_C	SBS	0	0	1	1	0	0	0	-101	0.514851	136.219	0	323	45	0.139319	165	0	0	0.536656	0.409726	0.510274	35.5789	0	0.2844	0.140713	59.9314	60	60	0	0	1.07018	0.0686	-0.0686	210	2.8022e-09	1	4.93814e-09	136.746	0	324	46	0.141975	165	0	0	0.664934	0.401256	0.500705	35.5172	0	0.279216	0.144135	42	41.8989	42	0	0	1.06897	0.1011	0	211	1.85667e-09	1	2.63084e-09	1
chr17:33318765-33318765_A_C	SBS	0	0	1	1	2	0	0	-101	0.544554	121.443	0	152	29	0.190789	73	0	0	2.95315	0.163181	0.288432	35.7059	0	0.255484	0.143219	60	59.6454	60	0	0	1.20588	0.3546	0	102	4.35506e-06	1	6.95207e-06	124.917	0	152	29	0.190789	74	0	0	2.95315	0.163181	0.288432	36.7273	0	0.255484	0.143219	41.989	41.9524	42	0	0	1.12121	0.0366	-0.011	103	3.79622e-06	1	6.96559e-06	1
chr12:109530336-109530336_C_T	SBS	0	2	1	1	0	14	0	-37	0.435644	102.127	0	152	19	0.125	83	0	0	2.17945	0.172629	0.327371	34.0909	0	0.2395	0.127049	60	59.4103	60	0	0	1.45455	0.5897	0	102	0.00016584	1	0.000232686	103.911	0	153	20	0.130719	83	0	0	1.91663	0.210303	0.361126	34.1304	0	0.230476	0.130554	41.8733	41.7819	41.2695	0	0	1.43478	0.0914	0.6038	103	0.000107515	1	0.000132008	1
chr10:15263004-15263004__AATCTTTCTG	INS	10	0	1	1	0	0	0	-101	0.633663	105.48	0	191	24	0.125654	104	0	0	0.979796	0.331159	0.468841	32.7692	0	0.338846	0.100052	60	60	60	0	0	1.07692	0	0	128	1.7046e-05	1	2.28836e-05	111.518	0	192	29	0.151042	102	0	0	0.673146	0.374874	0.500126	32.7879	0	0.30303	0.12496	40.848	42	32.6469	0	0	1.15152	1.152	8.2011	131	1.93323e-06	1	2.22087e-06	1
chr5:141382791-141382791_C_A	SBS	0	0	1	1	3	0	0	-101	0.514851	160.094	0	244	72	0.295082	132	0	0	0.636396	0.422755	0.502245	37.314	0	0.268095	0.134972	60	60	60	0	0	1.03488	0	0	204	3.67197e-16	1	5.10301e-16	159.595	0	244	72	0.295082	132	0	0	0.636396	0.422755	0.502245	37.1977	0	0.267024	0.136352	41.9937	41.8106	42	0	0	1.03488	0.1831	-0.0063	204	3.67197e-16	1	5.10301e-16	1
chr8:67590056-67590057_CA_	DEL	2	3	1	1	1	0	16	7	0.623762	144.345	0	150	58	0.386667	72	0	0	4.25967	0.176056	0.264622	35.4	0	0.237333	0.126915	59.5271	59.308	59.0488	0	0	1.06667	0.2191	0.4783	130	1.34754e-12	1	1.51662e-12	147.388	0	150	63	0.42	71	0	0	4.46471	0.17626	0.26124	35.4394	0	0.220606	0.132197	41.9774	41.8188	41.9408	0	0	1.07576	0.1586	0.0366	134	9.95291e-14	1	1.1061e-13	1
chr6:123369774-123369774__AGG	INS	3	3	1	1	0	0	0	-101	0.336634	70.7994	0	67	8	0.119403	29	0	0	2.19989	0	0.230347	32.2222	0	0.208889	0.112186	60	60	60	0	0	1	0	0	37	0.0491879	1	0.100832	78.9126	0	69	10	0.144928	29	0	0	2.58732	0	0.197557	32.9091	0	0.18	0.119162	41.9035	42	41.2839	0	0	1	0.0965	0.6196	39	0.0242783	1	0.0308868	1
chr13:88329899-88329899_C_	DEL	1	0	2	1	5	0	0	-101	0.643564	87.8	0	375	11	0.0293333	217	0	0	0.552771	0.314982	0.518352	35.3333	0	0.243333	0.0853133	60	60	60	0	0	1.08333	0	0	228	0.00623871	1	0.00896407	87.8	0	373	11	0.0294906	218	0	0	0.552771	0.314982	0.518352	35.3333	0	0.243333	0.0853133	41.7649	41.7215	42	0	0	1.08333	0.0434	-0.2351	229	0.00598888	1	0.00885778	1
chr19:1255528-1255528__C	INS	1	3	1	1	0	0	0	-101	0.693069	89.904	0	354	13	0.0367232	214	0	0	1.68259	0.17313	0.360203	34.0667	0	0.258	0.147366	60	59.898	60	0	0	1	0.102	0	227	0.00196678	1	0.0026049	93.4981	0	353	13	0.0368272	213	0	0	2.06032	0.120749	0.307822	35.4286	0	0.273571	0.139537	41.9837	41.8132	41.8603	0	0	1	0.1705	0.1234	226	0.00198443	1	0.00261476	1
chr2:153475415-153475415__A	INS	1	0	2	1	5	0	0	-101	0.316832	146.617	0	175	43	0.245714	113	0	0	1.71064	0.318135	0.420995	38.7447	0	0.296809	0.12943	60	60	60	0	0	1.04255	0	0	156	4.81534e-11	1	5.79331e-11	147.212	0	175	46	0.262857	113	0	0	1.35647	0.350275	0.449725	38.2353	0	0.276667	0.142542	42	42	42	0	0	1.03922	0	0	159	7.45167e-12	1	1.31823e-11	1
chr19:17533216-17533216_A_C	SBS	0	0	1	1	0	0	0	-101	0.564356	61.561	0	149	4	0.0268456	93	0	0	2	0	0.168625	38.25	0	0.2775	0.117861	60	60	60	0	0	1	0	0	97	0.141474	1	0.301133	61.561	0	150	4	0.0266667	92	0	0	2	0	0.168625	38.25	0	0.2775	0.117861	42	42	42	0	0	1	0	0	96	0.14535	1	0.300535	1
chr8:101727781-101727781__T	INS	1	0	1	1	1	0	0	-101	0.386139	52.2171	0	56	3	0.0535714	34	0	0	1.73205	0	0.194711	37.6667	0	0.43	0.06245	60	58.9641	60	0	0	1	1.0359	0	37	0.235955	1	0.286891	52.2171	0	56	3	0.0535714	34	0	0	1.73205	0	0.194711	37.6667	0	0.43	0.06245	41.803	41.7354	42	0	0	1	0.0676	-0.197	37	0.235955	1	0.286891	1
chr7:97939771-97939771_A_C	SBS	0	0	1	1	3	0	0	-101	0.386139	42.282	0	96	3	0.03125	41	0	0	0.57735	0.138622	0.528044	30.5	0	0.246667	0.185022	60	60	60	0	0	1.5	0	0	44	0.340823	1	0.554029	52.2171	0	95	3	0.0315789	41	0	0	0.57735	0.138622	0.528044	37.6667	0	0.246667	0.185022	41.6952	42	42	0	0	1	0.3048	-0.3048	44	0.337565	1	0.553544	1
chr14:105174153-105174153__C	INS	1	0	2	1	5	16	0	-29	0.762376	111.441	0	53	19	0.358491	28	0	0	4.3589	0	0.0773705	37.2	0	0.2765	0.150412	60	60	60	0	0	1.25	0	0	47	7.86038e-05	1	0.000162356	113.104	0	54	20	0.37037	28	0	0	4.47214	0	0.0754114	37.15	0	0.259	0.163799	42	42	42	0	0	1.15	0	0	48	5.17634e-05	1	7.24735e-05	1
chr5:150111455-150111455_T_A	SBS	0	0	1	1	0	0	0	-101	0.425743	38.4514	0	150	2	0.0133333	80	0	0	0.471405	0.0948613	0.571805	35	0	0.136667	0.080827	60	59.6861	60	0	0	1	0.3139	0	82	0.42434	1	0.544333	38.4514	0	150	2	0.0133333	80	0	0	0.471405	0.0948613	0.571805	35	0	0.136667	0.080827	42	42	42	0	0	1	0	0	82	0.42434	1	0.544333	1
chr4:119661909-119661909_A_	DEL	1	0	1	1	1	0	0	-101	0.475248	65.3992	0	194	5	0.0257732	106	0	0	0	0.349177	0.650823	36.5	0	0.325	0.105404	59.9649	59.6235	60	0	0	1	0.3414	-0.0351	111	0.111017	1	0.165405	65.3992	0	192	5	0.0260417	106	0	0	0	0.349177	0.650823	36.5	0	0.325	0.105404	42	41.8721	42	0	0	1	0.1279	0	111	0.108962	1	0.164688	1
chr11:118244381-118244381_A_T	SBS	0	0	1	2	0	0	0	-101	0.524752	127.432	0	69	29	0.42029	29	0	0	4.66714	0.00404087	0.129292	37.4667	0	0.277333	0.163092	60	60	60	0	0	1.06667	0	0	58	3.80715e-06	1	4.99744e-06	127.432	0	69	29	0.42029	29	0	0	4.66714	0.00404087	0.129292	37.4667	0	0.277333	0.163092	42	42	42	0	0	1.06667	0	0	58	3.80715e-06	1	4.99744e-06	1
chr6:88123613-88123613__G	INS	1	2	1	1	0	0	0	-101	0.306931	103.88	0	54	15	0.277778	22	0	0	3.87298	0	0.0870776	37.4667	0	0.203333	0.129595	60	60	60	0	0	1.26667	0	0	37	0.00304658	1	0.00385093	103.88	0	54	15	0.277778	22	0	0	3.87298	0	0.0870776	37.4667	0	0.203333	0.129595	42	41.1825	42	0	0	1.26667	0.8175	0	37	0.00304658	1	0.00385093	1
chr9:96860772-96860772_G_A	SBS	0	2	1	2	0	0	0	-101	0.435644	120.137	0	224	24	0.107143	110	0	0	1.99588	0.227455	0.365137	37.3226	0	0.258276	0.150001	60	59.5958	60	24	0	1.19355	0.4042	0	134	4.45418e-05	1	5.91566e-05	120.137	0	224	24	0.107143	110	0	0	1.99588	0.227455	0.365137	37.3226	0	0.258276	0.15	41.9853	41.8588	41.937	24	0	1.19355	0.1265	0.0483	134	4.45418e-05	1	5.91566e-05	1
chr7:128119399-128119399_G_C	SBS	0	2	1	1	0	0	0	-101	0.39604	95.4951	0	68	12	0.176471	33	0	0	0.266469	0.364183	0.558894	37.2308	0	0.27	0.168076	58.9347	58.2738	60	0	0	1	0.6609	-1.0653	45	0.00610882	1	0.00791847	95.4951	0	68	12	0.176471	33	0	0	0.266469	0.364183	0.558894	37.2308	0	0.27	0.168076	19.6144	15.4553	13.4651	0	0	1	4.1591	6.1493	45	0.00610882	1	0.00791847	1
chr7:55240813-55240813_G_T	SBS	0	3	1	1	0	0	0	-101	0.683168	165.196	0	111	95	0.855856	55	0	0	8.92601	0.00750416	0.0767064	36.1927	0	0.236729	0.145839	60	60	60	0	0	1.02752	0	0	150	7.9591e-30	1	7.9591e-30	165.196	0	111	95	0.855856	54	0	0	8.92601	0.00750416	0.0767064	36.1927	0	0.236729	0.145839	42	41.9713	42	0	0	1.02752	0.0287	0	149	1.86086e-29	1	1.86086e-29	1
chr1:1259976-1259976_T_C	SBS	0	0	1	1	0	0	0	-101	0.742574	56.7012	0	140	9	0.0642857	80	0	0	0.333333	0.332027	0.556861	24.625	0	0.262222	0.14998	60	60	60	0	0	1.5625	0	0	89	0.0155361	1	0.0280242	55.9392	0	140	9	0.0642857	80	0	0	0.333333	0.332027	0.556861	24.2941	0	0.262222	0.14998	41.9906	41.6934	42	0	0	1.52941	0.2972	-0.0094	89	0.0155361	1	0.0280242	1
chr2:163361116-163361116__A	INS	1	2	1	1	0	0	0	-101	0.39604	143.941	0	137	54	0.394161	71	0	0	2.19165	0.304983	0.396771	35.9194	0	0.28129	0.122224	60	60	60	0	0	1.06452	0	0	125	1.62814e-12	1	1.79171e-12	143.734	0	137	53	0.386861	71	0	0	2.08003	0.310818	0.403468	36.0328	0	0.285246	0.11917	42	41.9765	42	0	0	1.06557	0.0235	0	124	3.00431e-12	1	3.62813e-12	1
chr12:57928904-57928904__G	INS	1	0	2	1	4	0	0	-101	0.554455	108.733	0	103	20	0.194175	68	0	0	1.91663	0.210303	0.361126	35.7143	0	0.277619	0.151356	60	60	60	0	0	1.09524	0	0	88	1.74482e-05	1	3.20847e-05	108.733	0	103	20	0.194175	68	0	0	1.91663	0.210303	0.361126	35.7143	0	0.277619	0.151356	42	41.9736	42	0	0	1.09524	0.0264	0	88	1.74482e-05	1	3.20847e-05	1
chrX:48054773-48054773_C_A	SBS	0	0	1	1	3	0	0	-101	0.514851	163.72	0	197	91	0.461929	123	0	0	1.94492	0.362705	0.433412	36.2069	0	0.252432	0.153142	60	60	60	0	0	1.56897	0	0	214	1.39177e-24	1	2.57523e-24	163.72	0	197	91	0.461929	122	0	0	1.94492	0.362705	0.433412	36.2069	0	0.252432	0.153142	34.6114	34.1689	36.6492	0	0	1.60345	0.4425	-2.0378	213	1.94483e-24	1	2.58941e-24	1
chr4:100205960-100205960_C_	DEL	1	0	1	1	2	0	0	-101	0.366337	44.3614	0	37	3	0.0810811	26	0	0	1.73205	0	0.194711	32	0	0.206667	0.11015	60	60	60	0	0	1	0	0	29	0.195664	1	0.261137	44.3614	0	38	3	0.0789474	26	0	0	1.73205	0	0.194711	32	0	0.206667	0.11015	33.1879	34.7531	31.2197	0	0	1	1.5652	1.9682	29	0.202477	1	0.264881	1
chr3:128622953-128622953_T_A	SBS	0	0	1	1	0	0	0	-56	0.415842	109.365	0	254	18	0.0708661	119	0	0	1.27279	0.270509	0.429491	37.1429	0	0.2315	0.135384	60	60	60	0	0	1	0	0	137	0.00081174	1	0.0011964	109.365	0	254	18	0.0708661	119	0	0	1.27279	0.270509	0.429491	37.1429	0	0.2315	0.135384	41.9525	41.8617	42	0	0	1	0.0908	-0.0475	137	0.00081174	1	0.0011964	1
chr20:47607736-47607736_G_A	SBS	0	2	1	1	0	0	0	-101	0.49505	208.484	0	359	330	0.91922	195	0	0	3.05267	0.397413	0.434543	35.9324	0	0.270371	0.151119	60	60	60	0	0	1.08625	0	0	525	5.8773e-119	1	5.8773e-119	208.188	0	360	332	0.922222	195	0	0	2.88746	0.402256	0.439274	35.8442	0	0.269406	0.15147	41.9191	41.9262	41.912	0	0	1.08837	0.0071	0.0071	527	4.93557e-120	1	4.93557e-120	1
